24 32 3 39 45 36 5 7 8 40 37 22 37 40 42 16 31 20 6 16 1 20 7 29 16 2 27 49 3 29 44 40 37 6 
17 27 15 11 18 13 24 21 21 30 12 49 32 28 35 17 2 19 6 22 2 23 15 13 28 0 5 1 45 40 27 6 23 40 34 
43 44 19 1 38 15 8 23 3 35 32 19 14 1 31 24 12 19 4 45 20 44 12 43 7 18 41 7 31 7 9 5 36 18 25 23 16 
42 35 39 17 17 6 41 40 3 15 34 29 40 43 39 42 46 23 31 4 10 34 46 30 47 43 4 13 33 32 32 27 34 
16 20 21 16 20 13 47 32 31 4 38 7 25 19 22 7 31 49 22 20 45 29 12 18 26 27 49 13 11 4 29 7 0 39 25 21 39 
44 34 1 16 10 35 4 0 41 25 34 39 21 6 29 45 36 33 7 4 25 1 43 49 31 28 48 8 41 30 28 3 23 17 36 36 32 42 45 
21 28 33 45 47 27 45 42 45 2 6 9 16 21 31 28 1 37 6 18 28 15 6 32 27 37 37 32 11 26 37 6 11 12 36 7 8 25 
24 0 42 32 48 20 30 33 10 2 1 46 41 13 10 36 4 31 4 43 40 24 1 45 42 14 45 22 6 4 49 10 28 5 47 
41 19 45 40 41 21 46 4 25 2 26 7 11 42 6 37 16 14 17 16 12 31 0 28 34 29 21 47 5 10 33 16 4 2 44 42 
7 6 20 14 15 28 31 14 8 15 26 39 36 18 41 15 38 4 5 38 1 13 21 9 33 9 49 17 37 3 13 45 8 8 31 25 31 
20 19 39 26 31 17 16 42 37 22 22 46 20 8 42 30 3 36 30 2 10 17 47 14 42 5 37 45 39 35 41 45 47 44 40 21 6 23 
29 32 32 1 22 37 5 3 12 38 20 7 22 7 27 46 40 9 46 13 40 5 33 29 41 38 19 19 26 49 11 36 37 24 
40 26 13 3 37 28 37 16 36 42 19 43 0 46 15 47 16 31 9 30 20 25 46 3 6 22 26 32 7 4 4 34 31 6 28 20 5 31 34 
40 9 20 49 8 48 39 28 10 33 28 22 3 28 43 43 33 12 1 10 1 31 22 44 33 24 42 47 10 44 7 48 46 49 36 
11 32 0 15 32 29 12 20 38 7 2 36 43 28 4 27 19 20 26 43 10 13 6 7 30 0 21 20 46 11 31 31 26 18 
17 42 29 33 5 46 32 2 24 41 2 33 46 21 24 25 7 33 1 24 16 3 26 41 2 18 41 19 1 16 37 8 14 9 48 1 35 
5 29 36 6 27 28 49 23 40 29 23 15 13 21 10 44 15 41 31 43 46 42 42 9 26 34 43 1 29 26 13 27 5 31 10 
9 23 45 40 20 45 9 6 9 21 29 49 16 8 33 24 38 6 45 32 39 21 3 34 4 16 9 39 7 20 33 36 3 
15 44 44 7 2 15 48 29 46 7 31 16 38 11 20 34 26 2 18 26 12 13 46 32 19 16 31 15 49 28 6 35 39 3 
34 44 7 41 27 1 28 48 17 6 29 48 38 41 5 9 30 34 47 38 17 6 18 14 0 36 8 13 6 31 3 15 6 9 
11 21 12 29 44 46 19 33 40 38 12 38 45 2 42 27 24 16 48 10 40 10 30 29 20 38 43 4 39 6 1 2 20 32 36 10 20 
34 49 13 44 27 16 16 3 45 19 21 27 0 30 37 20 35 10 29 35 18 4 31 7 2 3 15 44 10 32 41 
5 9 8 42 42 31 43 24 47 22 0 38 6 44 37 38 42 13 39 0 10 17 13 36 26 42 42 20 10 24 42 8 36 13 45 44 
11 31 5 48 15 37 29 35 10 31 41 12 25 28 13 40 46 33 3 10 48 44 11 6 37 27 40 43 10 29 34 26 44 47 17 
15 7 27 22 10 43 44 24 43 19 26 27 20 46 24 29 49 1 7 46 45 45 10 13 44 11 28 29 38 43 39 20 19 35 22 4 41 32 23 
40 5 45 32 20 11 12 19 26 7 15 39 31 40 41 39 12 19 32 47 11 32 49 0 40 18 8 30 17 33 13 9 41 35 
45 49 16 10 7 32 1 45 8 4 43 5 28 32 26 48 14 16 49 36 8 26 12 44 30 49 6 26 22 35 41 26 28 28 
36 27 40 0 17 3 46 32 35 17 1 35 34 25 0 5 49 42 34 40 6 49 22 37 21 33 38 45 10 9 14 2 10 45 
1 16 41 13 0 18 34 19 38 33 42 16 6 15 32 16 13 2 22 20 1 0 37 16 6 3 21 23 5 33 14 46 31 29 37 11 38 22 18 20 
22 15 36 3 37 27 40 49 38 29 40 27 20 48 29 0 3 41 12 38 40 12 38 23 26 8 8 33 38 7 43 37 38 21 
39 0 41 30 25 19 23 22 43 28 3 24 49 33 8 43 8 14 42 44 48 47 23 2 42 23 19 15 2 29 15 16 23 48 2 26 0 
2 46 7 8 14 41 18 2 38 38 18 48 31 25 39 10 18 49 49 1 33 41 0 26 17 0 11 39 18 13 45 34 23 14 
26 8 39 7 37 30 45 10 1 7 6 27 36 4 16 3 33 48 28 15 46 6 24 1 23 22 26 0 47 43 47 48 17 29 18 
31 45 49 23 27 8 30 30 47 35 46 14 13 47 15 8 28 24 5 12 29 46 20 37 35 23 40 7 2 47 2 22 47 41 45 36 
28 31 14 30 19 45 9 22 29 13 7 48 49 21 3 32 35 37 0 18 42 20 12 21 49 11 21 4 20 34 36 3 2 42 
42 24 5 26 12 20 32 1 21 10 15 2 29 41 41 26 17 20 5 30 38 26 34 42 45 8 38 0 28 18 43 2 0 49 
14 6 3 32 29 3 29 19 31 28 35 15 8 37 0 36 35 47 18 23 27 21 2 37 3 14 14 19 44 35 46 48 45 21 3 35 30 25 12 
4 41 38 9 18 35 10 32 12 16 31 47 41 2 3 46 43 27 19 25 14 13 32 41 34 34 9 23 26 33 18 21 8 28 40 45 36 16 9 13 
0 13 44 23 7 23 7 25 28 40 26 48 7 43 36 30 48 41 8 25 49 22 37 3 4 4 14 43 7 19 44 2 1 44 35 14 30 32 28 8 12 
13 32 49 13 9 48 34 25 40 12 35 44 34 4 4 3 3 18 31 46 10 11 40 31 0 42 31 49 28 18 7 24 34 21 
21 3 38 0 44 43 40 13 6 33 38 18 18 27 35 40 42 49 9 42 24 37 32 18 16 40 24 49 0 12 21 13 15 20 18 27 
23 48 2 11 33 45 48 20 0 1 12 16 48 11 17 43 31 45 15 27 9 47 12 7 34 25 38 23 39 46 22 42 35 26 27 
43 31 12 2 12 26 9 33 9 1 28 37 20 11 35 24 0 17 20 20 29 27 23 31 32 9 2 46 18 43 10 47 7 19 38 16 21 
35 23 3 24 0 48 17 1 6 20 4 46 35 42 2 38 8 1 36 38 24 12 22 18 24 31 45 8 10 29 33 43 9 1 25 5 45 
25 13 11 35 27 3 35 47 30 26 41 26 36 6 41 46 4 4 31 37 3 48 0 25 11 22 19 22 37 46 46 46 4 35 34 19 36 
19 1 39 32 31 9 45 42 41 8 36 20 33 2 23 46 35 32 31 29 25 37 7 27 4 23 23 37 24 9 16 39 1 26 11 7 35 36 26 43 6 35 47 18 
11 1 4 5 35 13 37 43 28 39 1 25 7 44 41 35 11 31 45 14 25 23 24 13 30 17 20 42 45 6 43 26 24 36 24 30 34 
8 10 41 31 23 33 27 34 27 9 46 18 26 29 27 14 0 12 33 24 47 16 13 17 43 17 27 23 37 10 0 35 19 40 45 26 
37 22 1 44 35 35 17 47 33 0 48 49 27 15 49 1 48 31 23 2 2 13 6 12 39 24 7 13 13 24 2 31 39 31 2 21 38 44 
45 25 47 10 11 19 6 0 23 2 35 46 4 32 10 47 46 25 44 40 43 39 18 43 30 48 16 13 31 42 39 33 10 22 47 7 45 44 
16 11 3 20 33 8 27 21 13 25 43 8 11 33 27 16 26 4 38 43 35 35 49 38 46 37 38 14 8 48 20 31 23 37 34 8 
